74.3
72.1
77.1
71.5
35.4
73.4
0.0
72.9
0.0
0.0
73.6
71.7
76.7
74.0
18.5
76.6
0.0
76.6
69.9
74.3
71.4
74.0
76.1
70.0
69.7
26.1
72.6
26.1
77.0
74.0
73.7
73.7
71.5
76.6
77.0
10.3
0.0
68.4
0.0
9.8
70.8
65.1
77.0
72.8
76.6
72.1
73.0
68.5
0.0
13.9
77.1
73.9
0.0
70.0
76.6
71.7
0.0
69.8
77.1
67.9
70.9
68.4
0.0
77.0
73.4
46.0
0.0
77.0
77.1
0.0
65.1
74.4
76.4
0.0
0.0
76.7
76.4
64.5
71.0
63.1
72.3
0.0
0.0
72.8
0.0
58.0
40.5
72.4
68.0
0.0
46.6
65.1
25.7
68.4
26.1
73.6
0.0
0.0
77.0
0.0
73.4
77.0
0.0
76.6
77.0
77.0
55.3
73.9
73.0
76.6
57.1
77.0
71.4
0.0
70.5
69.9
68.7
77.1
77.0
77.1
0.0
77.0
74.3
74.4
0.0
76.6
76.3
77.1
71.5
76.8
0.0
77.0
71.0
75.1
9.8
73.9
76.2
77.0
2.1
0.0
77.0
21.8
19.3
69.7
77.1
76.5
74.0
68.0
0.0
77.0
77.1
76.5
0.0
77.0
73.3
0.0
14.6
0.0
77.0
73.6
68.1
26.1
77.0
77.0
77.0
13.4
47.3
26.1
73.7
0.0
72.2
73.3
76.7
69.0
73.0
74.0
73.7
73.6
76.6
73.6
0.0
74.8
73.0
0.0
76.6
36.3
73.6
0.0
0.0
76.7
77.0
76.7
16.7
76.8
74.0
0.0
65.1
0.0
16.2
77.0
77.0
74.3
73.6
76.6
74.4
76.8
0.0
76.6
73.7
73.0
25.7
77.0
72.7
72.5
76.7
76.2
68.3
74.0
0.0
77.0
74.6
74.3
77.1
74.0
73.6
74.8
77.0
66.4
0.0
77.1
25.7
76.6
0.0
73.7
70.3
0.0
71.4
76.6
73.9
74.3
71.3
76.6
73.0
77.1
0.0
26.1
77.1
71.3
77.1
71.2
77.0
77.0
73.6
0.0
73.7
63.2
73.6
65.1
0.0
77.0
70.2
74.4
71.9
71.3
77.0
73.4
77.1
77.1
76.3
43.2
77.1
77.1
74.0
44.9
73.6
64.1
77.1
0.0
47.3
0.0
77.0
77.1
73.7
47.3
76.7
77.0
73.4
73.6
77.0
77.0
26.1
72.1
0.0
26.1
77.1
73.7
76.7
67.7
26.1
77.1
0.0
73.6
73.4
76.2
71.2
76.8
76.6
69.3
73.7
77.1
0.0
71.2
0.0
76.7
68.6
14.6
71.0
0.0
77.0
76.6
67.6
74.4
76.6
65.1
24.7
71.6
76.6
71.0
48.5
15.4
10.5
0.0
0.0
73.4
0.0
77.1
77.1
0.0
76.3
76.3
73.9
64.9
74.4
65.1
74.4
73.3
6.4
47.3
0.0
0.0
69.1
0.0
0.0
26.1
0.0
70.1
76.7
0.0
0.0
70.2
0.0
77.0
25.7
76.7
0.0
0.0
0.0
73.4
0.0
73.4
76.6
77.0
76.7
71.3
70.7
73.6
69.4
76.6
77.1
12.8
71.5
0.0
73.7
74.3
26.1
26.1
77.0
72.0
26.1
76.6
76.7
65.1
73.7
67.6
0.0
70.2
10.3
76.7
48.5
0.0
25.7
76.8
77.0
76.2
77.0
0.0
26.1
9.8
73.9
0.0
77.0
70.5
35.4
77.0
77.1
25.7
0.0
73.6
73.7
73.6
25.7
0.0
0.0
76.7
77.0
0.0
71.2
76.3
73.6
76.6
74.0
73.6
0.0
73.6
71.7
74.8
0.0
11.1
0.0
73.9
76.6
35.7
73.7
68.9
73.7
77.1
73.4
76.7
0.0
77.1
77.0
77.1
68.7
0.0
76.7
77.0
0.0
59.6
73.7
68.1
77.0
19.3
73.6
12.8
73.6
0.0
72.7
70.2
0.0
55.6
77.1
0.0
8.2
0.0
9.3
65.1
74.0
0.0
73.6
73.4
70.7
76.7
26.1
0.0
73.3
0.0
26.1
0.0
14.1
77.1
0.0
73.0
71.5
0.0
74.4
76.7
0.0
70.7
61.5
0.0
76.7
69.9
71.7
76.6
64.5
76.6
76.6
68.7
68.3
73.7
10.3
77.0
77.0
73.4
68.3
0.0
0.0
0.0
73.0
69.3
76.7
26.1
61.8
77.1
73.3
68.3
0.0
69.2
72.7
77.1
55.3
73.7
0.0
0.0
77.0
0.0
0.0
0.0
71.5
74.4
73.6
72.2
76.7
77.0
70.1
77.1
0.0
13.4
65.1
77.0
69.6
0.0
70.2
74.9
46.4
13.9
10.5
0.0
77.1
0.0
77.0
73.9
76.7
71.5
77.0
0.0
73.6
73.6
0.0
26.1
73.6
76.7
73.7
76.6
77.0
73.6
67.5
77.1
0.0
73.9
73.4
73.6
14.9
26.1
73.3
0.0
76.7
69.6
0.0
41.9
26.1
0.0
77.1
75.8
0.0
73.7
77.0
73.9
0.0
0.0
56.1
26.1
76.7
73.7
74.3
71.1
74.4
64.1
76.6
68.5
26.1
70.3
76.7
77.1
77.0
77.1
77.1
70.8
73.7
77.0
25.7
77.0
62.9
74.0
76.6
72.4
76.1
76.7
0.0
77.1
69.5
73.3
76.7
73.7
73.7
76.7
76.6
76.4
0.0
0.0
77.1
65.1
74.0
73.9
74.6
0.0
76.7
26.1
0.0
77.1
75.8
77.0
47.3
76.3
76.7
0.0
0.0
36.3
77.0
73.7
9.8
71.7
77.0
74.3
73.4
0.0
69.3
73.0
47.3
73.6
67.5
77.0
0.0
73.7
77.0
55.6
45.4
0.0
77.0
0.0
73.7
0.0
76.8
18.5
0.0
0.0
77.0
73.7
68.3
74.3
73.7
26.1
77.1
0.0
26.1
77.1
0.0
73.3
73.9
0.0
0.0
0.0
72.7
23.1
76.6
73.7
77.0
73.7
77.1
71.5
65.1
70.1
69.2
77.0
12.1
76.2
0.0
76.6
69.8
77.0
69.8
37.7
71.4
76.7
76.4
76.6
0.0
73.9
68.5
9.8
71.0
70.8
8.5
76.7
76.6
0.0
26.1
0.0
77.0
70.7
73.9
0.0
71.3
77.0
77.0
77.1
36.3
0.0
73.7
71.4
76.8
76.6
47.3
77.0
76.7
77.0
65.1
77.0
73.6
24.9
0.0
71.7
0.0
74.0
26.1
76.8
73.7
77.0
0.0
69.0
76.8
65.1
76.6
58.3
71.5
0.0
75.6
0.0
76.4
25.7
71.9
76.4
0.0
0.0
0.0
14.1
77.0
26.1
0.0
0.0
70.3
77.1
76.7
76.4
73.7
76.7
0.0
73.6
0.0
77.0
76.6
12.1
71.9
0.0
77.0
76.3
77.0
76.7
69.6
0.0
71.2
76.7
70.5
26.1
25.7
0.0
25.7
0.0
71.3
74.0
67.9
0.0
69.5
56.2
73.4
24.2
76.6
77.0
14.9
67.8
0.0
70.0
0.0
33.1
77.0
0.0
77.0
0.0
0.0
0.0
67.9
0.0
73.9
57.1
77.0
76.7
77.0
73.4
70.7
33.8
76.4
76.6
0.0
72.8
73.6
77.0
0.0
0.0
0.0
73.3
74.8
72.4
76.4
71.6
77.0
0.0
48.5
74.0
77.0
26.1
6.9
47.3
0.0
73.6
26.1
15.4
73.6
69.7
73.3
