0.0
0.0
0.0
13.4
35.4
0.0
33.8
19.0
0.0
0.0
0.0
0.0
0.0
0.0
47.3
0.0
0.0
34.5
0.0
0.0
0.0
0.0
0.0
0.0
0.0
26.1
34.5
0.0
13.9
0.0
0.0
0.0
0.0
0.0
0.0
0.0
15.7
0.0
26.1
26.1
0.0
0.0
26.1
0.0
0.0
18.5
0.0
12.8
48.5
35.4
0.0
23.4
0.0
25.7
0.0
26.1
73.4
0.0
21.1
0.0
0.0
0.0
10.3
0.0
0.0
0.0
58.8
0.0
0.0
0.0
0.0
0.0
0.0
0.0
0.0
26.1
0.0
7.7
0.0
11.8
35.4
35.4
0.0
0.0
0.0
0.0
0.0
0.0
0.0
0.0
0.0
35.4
0.0
0.0
0.0
0.0
9.8
0.0
0.0
0.0
11.3
0.0
26.1
0.0
47.3
48.5
10.3
35.4
37.0
0.0
0.0
19.3
14.6
0.0
0.0
0.0
34.3
0.0
0.0
74.4
25.7
